1	94
2	1088
3	3814
4	2693
5	1907
6	2876
7	720
8	1243
9	107
10	1044
11	560
12	50
13	146
14	1294
15	1207
16	1391
17	171
18	767
19	2181
20	373
21	3190
22	2357
23	970
24	930
25	322
26	116
27	897
28	2970
29	428
30	3002
31	308
32	305
33	392
34	911
35	681
36	92
37	199
38	1278
39	52
40	942
41	2987
42	2297
43	11
44	164
45	718
46	12
47	263
48	2984
49	314
50	1732
51	1090
52	750
53	2179
54	932
55	165
56	363
57	1414
58	2066
59	563
60	157
61	11
62	2814
63	14
64	293
65	52
66	2805
67	28
68	324
69	193
70	1320
71	364
72	2161
73	534
74	14
75	252
76	260
77	144
78	147
79	565
80	41
81	247
82	3584
83	1201
84	497
85	2118
86	39
87	111
88	446
89	70
90	906
91	1994
92	498
93	1942
94	193
95	326
96	1918
97	16
98	314
99	569
100	262
101	1
102	957
103	1080
104	529
105	497
106	1200
107	648
108	449
109	1599
110	308
111	1725
112	593
113	36
114	28
115	36
116	1031
117	2351
118	3678
119	47
120	534
121	62
122	2067
123	767
124	2276
125	903
126	202
127	594
128	345
129	94
130	101
131	2466
132	445
133	8
134	111
135	322
136	1504
137	1362
138	18
139	190
140	1084
141	588
142	307
143	428
144	314
145	2166
146	100
147	1906
148	2651
149	928
150	621
151	443
152	550
153	454
154	529
155	521
156	566
157	3473
158	541
159	1252
160	3217
161	598
162	413
163	715
164	11
165	322
166	1572
167	23
168	1231
169	3833
170	314
171	364
172	1094
173	2079
174	25
175	241
176	150
177	14
178	236
179	3083
180	1251
181	363
182	1429
183	1012
184	11
185	1961
186	47
187	2290
188	1378
189	369
190	416
191	293
192	128
193	877
194	1343
195	1898
196	2693
197	232
198	1296
199	2072
200	1658
201	117
202	2210
203	162
204	726
205	97
206	2699
207	34
208	99
209	1753
210	18
211	364
212	2807
213	1092
214	907
215	15
216	1850
217	482
218	346
219	892
220	262
221	1391
222	100
223	407
224	3872
225	1232
226	147
227	1222
228	34
229	263
230	971
231	147
232	1219
233	1025
234	282
235	1509
236	1300
237	3206
238	2189
239	83
240	100
241	348
242	1554
243	249
244	272
245	2760
246	678
247	2466
248	908
249	306
250	3771
251	1352
252	273
253	1569
254	2653
255	2014
256	25
257	31
258	363
259	670
260	36
261	321
262	1213
263	1503
264	2210
265	1934
266	60
267	2345
268	963
269	233
270	262
271	443
272	37
273	2069
274	187
275	41
276	922
277	3355
278	81
279	1153
280	30
281	18
282	69
283	2706
284	1941
285	35
286	308
287	3150
288	34
289	906
290	595
291	340
292	848
293	680
294	155
295	596
296	2170
297	157
298	50
299	242
300	1605
301	760
302	1069
303	971
304	34
305	500
306	940
307	81
308	997
309	1906
310	764
311	1663
312	2622
313	1260
314	3835
315	703
316	151
317	41
318	2388
319	665
320	1
321	72
322	208
323	670
324	929
325	21
326	126
327	156
328	223
329	96
330	349
331	309
332	53
333	100
334	364
335	1347
336	168
337	1024
338	309
339	2706
340	8
341	1480
342	1084
343	3232
344	892
345	1230
346	198
347	918
348	508
349	3715
350	1028
351	82
352	936
353	308
354	47
355	2357
356	283
357	2
358	261
359	1208
360	991
361	111
362	912
363	100
364	28
365	57
366	1554
367	1290
368	111
369	86
370	161
371	581
372	92
373	15
374	262
375	10
376	13
377	2941
378	1911
379	186
380	123
381	1267
382	573
383	3421
384	1230
385	4
386	2102
387	978
388	903
389	442
390	531
391	900
392	560
393	621
394	1175
395	312
396	2425
397	41
398	565
399	293
400	2759
401	29
402	3038
403	2625
404	2357
405	28
406	35
407	157
408	108
409	2388
410	750
411	56
412	137
413	3422
414	3470
415	3532
416	14
417	648
418	662
419	944
420	492
421	141
422	2747
423	407
424	263
425	2466
426	918
427	1196
428	88
429	764
430	322
431	1942
432	1259
433	844
434	1873
435	1251
436	281
437	788
438	2069
439	100
440	1247
441	500
442	947
443	1873
444	3417
445	933
446	28
447	48
448	25
449	150
450	1729
451	500
452	162
453	2345
454	53
455	917
456	1064
457	973
458	79
459	293
460	2827
461	681
462	123
463	81
464	3616
465	41
466	1544
467	1906
468	938
469	16
470	43
471	668
472	16
473	909
474	847
475	62
476	16
477	670
478	367
479	1906
480	74
481	967
482	309
483	2166
484	339
485	594
486	262
487	1942
488	590
489	16
490	26
491	157
492	47
493	210
494	74
495	2598
496	538
497	3704
498	42
499	309
500	2278
501	3082
502	475
503	903
504	34
505	41
506	457
507	916
508	2593
509	929
510	16
511	231
512	1391
513	3787
514	58
515	1069
516	81
517	334
518	83
519	5
520	600
521	670
522	969
523	1152
524	3092
525	13
526	358
527	104
528	83
529	492
530	1504
531	2066
532	86
533	1942
534	628
535	235
536	466
537	560
538	741
539	1243
540	42
541	38
542	3945
543	1162
544	930
545	1231
546	1231
547	269
548	121
549	3158
550	3568
551	2840
552	904
553	147
554	25
555	800
556	925
557	680
558	619
559	832
560	319
561	1339
562	2346
563	951
564	21
565	2694
566	3078
567	1207
568	247
569	912
570	1129
571	141
572	462
573	235
574	17
575	274
576	940
577	63
578	1084
579	3769
580	266
581	1250
582	14
583	1804
584	263
585	43
586	36
587	418
588	1164
589	210
590	550
591	565
592	11
593	1173
594	26
595	68
596	3253
597	41
598	1262
599	41
600	1222
601	1116
602	500
603	100
604	339
605	928
606	110
607	11
608	3913
609	494
610	155
611	2019
612	750
613	2701
614	1005
615	2836
616	165
617	529
618	1732
619	529
620	1162
621	308
622	263
623	446
624	743
625	263
626	231
627	1253
628	424
629	1957
630	670
631	3281
632	17
633	6
634	316
635	294
636	111
637	72
638	43
639	3050
640	1921
641	1906
642	929
643	300
644	164
645	155
646	4
647	613
648	1298
649	6
650	497
651	2238
652	1758
653	28
654	560
655	716
656	231
657	1266
658	901
659	1226
660	199
661	2529
662	2289
663	1262
664	155
665	163
666	906
667	232
668	538
669	2664
670	2693
671	100
672	151
673	927
674	319
675	111
676	3091
677	218
678	1174
679	28
680	58
681	1207
682	2944
683	2453
684	892
685	409
686	2161
687	363
688	290
689	2467
690	2541
691	229
692	2936
693	34
694	293
695	1897
696	2969
697	935
698	171
699	3769
700	41
701	2357
702	2210
703	920
704	41
705	1201
706	198
707	2533
708	383
709	34
710	3368
711	379
712	3550
713	27
714	111
715	100
716	760
717	1049
718	2099
719	1220
720	1251
721	1811
722	783
723	500
724	914
725	537
726	60
727	63
728	910
729	308
730	300
731	1232
732	978
733	81
734	1473
735	3201
736	299
737	2847
738	1089
739	100
740	100
741	934
742	1277
743	864
744	147
745	912
746	3319
747	190
748	3088
749	131
750	262
751	165
752	3632
753	2165
754	2401
755	171
756	86
757	3035
758	1537
759	223
760	469
761	288
762	2755
763	3405
764	1084
765	1755
766	556
767	52
768	14
769	602
770	40
771	1235
772	500
773	524
774	1311
775	16
776	940
777	363
778	308
779	1690
780	2972
781	319
782	41
783	806
784	6
785	314
786	181
787	764
788	171
789	2166
790	32
791	2667
792	58
793	2844
794	904
795	900
796	1151
797	82
798	31
799	50
800	1209
801	906
802	108
803	586
804	449
805	153
806	958
807	500
808	31
809	1597
810	147
811	349
812	367
813	1619
814	314
815	3793
816	1701
817	35
818	125
819	882
820	493
821	2775
822	1925
823	128
824	1471
825	314
826	3302
827	953
828	1037
829	117
830	628
831	949
832	100
833	1148
834	322
835	34
836	3083
837	3139
838	290
839	3306
840	1167
841	593
842	556
843	446
844	1940
845	354
846	633
847	599
848	482
849	193
850	106
851	2624
852	1224
853	1466
854	2899
855	854
856	912
857	32
858	154
859	2268
860	2177
861	125
862	3096
863	123
864	1257
865	534
866	52
867	309
868	3004
869	869
870	500
871	231
872	2847
873	40
874	296
875	16
876	1498
877	2674
878	144
879	17
880	16
881	935
882	41
883	1250
884	123
885	100
886	101
887	2300
888	1730
889	2019
890	113
891	621
892	1124
893	62
894	290
895	480
896	314
897	1204
898	933
899	80
900	111
901	800
902	364
903	1660
904	75
905	560
906	11
907	349
908	17
909	26
910	147
911	668
912	628
913	1029
914	213
915	1175
916	3129
917	314
918	1272
919	84
920	123
921	449
922	728
923	1535
924	4
925	154
926	462
927	923
928	77
929	1941
930	512
931	62
932	111
933	7
934	77
935	1848
936	306
937	703
938	94
939	3149
940	1248
941	593
942	707
943	186
944	16
945	119
946	246
947	364
948	1770
949	923
950	2454
951	223
952	1292
953	28
954	88
955	3625
956	66
957	594
958	1471
959	2474
960	259
961	333
962	2012
963	918
964	308
965	3035
966	1038
967	1090
968	339
969	363
970	38
971	97
972	1934
973	2323
974	602
975	536
976	314
977	2177
978	1090
979	760
980	363
981	3580
982	153
983	446
984	1433
985	308
986	152
987	129
988	2970
989	41
990	750
991	1417
992	937
993	3072
994	1293
995	837
996	1226
997	778
998	1044
999	918
1000	58
1001	1743
1002	1952
1003	367
1004	240
1005	290
1006	940
1007	150
1008	2511
1009	45
1010	621
1011	47
1012	147
1013	2056
1014	314
1015	1276
1016	914
1017	197
1018	509
1019	3240
1020	41
1021	3224
1022	121
1023	1542
1024	764
1025	246
1026	34
1027	1931
1028	571
1029	30
1030	1267
1031	1673
1032	100
1033	1190
1034	1906
1035	69
1036	199
1037	2291
1038	4
1039	28
1040	947
1041	45
1042	50
1043	898
1044	766
1045	3834
1046	50
1047	2340
1048	1084
1049	144
1050	922
1051	2238
1052	364
1053	1904
1054	260
1055	2166
1056	251
1057	35
1058	973
1059	3657
1060	73
1061	3307
1062	1783
1063	101
1064	236
1065	1206
1066	231
1067	493
1068	949
1069	2065
1070	93
1071	1485
1072	231
1073	3920
1074	1167
1075	1575
1076	24
1077	2667
1078	759
1079	2726
1080	1
1081	17
1082	800
1083	2035
1084	308
1085	235
1086	3584
1087	973
1088	1151
1089	969
1090	322
1091	4
1092	160
1093	2625
1094	2388
1095	2168
1096	549
1097	554
1098	3091
1099	199
1100	259
1101	1938
1102	191
1103	2283
1104	198
1105	973
1106	86
1107	262
1108	111
1109	973
1110	272
1111	241
1112	2210
1113	1066
1114	10
1115	534
1116	428
1117	3093
1118	2064
1119	844
1120	621
1121	2893
1122	714
1123	73
1124	942
1125	971
1126	7
1127	265
1128	53
1129	1131
1130	1471
1131	30
1132	290
1133	424
1134	105
1135	58
1136	235
1137	782
1138	271
1139	1231
1140	1701
1141	3872
1142	978
1143	424
1144	100
1145	52
1146	213
1147	1355
1148	32
1149	1343
1150	668
1151	668
1152	1173
1153	1206
1154	73
1155	1416
1156	848
1157	653
1158	281
1159	1277
1160	919
1161	165
1162	1471
1163	18
1164	619
1165	523
1166	1219
1167	210
1168	335
1169	319
1170	495
1171	349
1172	970
1173	2726
1174	2160
1175	1581
1176	602
1177	41
1178	300
1179	80
1180	349
1181	1850
1182	3533
1183	722
1184	308
1185	21
1186	81
1187	308
1188	100
1189	18
1190	500
1191	320
1192	62
1193	910
1194	930
1195	150
1196	1807
1197	235
1198	89
1199	3167
1200	1266
1201	72
1202	298
1203	2648
1204	44
1205	3421
1206	41
1207	1896
1208	1250
1209	2882
1210	497
1211	573
1212	110
1213	25
1214	373
1215	25
1216	156
1217	28
1218	3812
1219	57
1220	3565
1221	1672
1222	929
1223	1068
1224	681
1225	249
1226	2775
1227	1898
1228	171
1229	176
1230	2166
1231	1285
1232	3117
1233	86
1234	41
1235	309
1236	3420
1237	26
1238	41
1239	695
1240	2490
1241	85
1242	667
1243	897
1244	1117
1245	1284
1246	483
1247	599
1248	30
1249	165
1250	290
1251	903
1252	14
1253	615
1254	82
1255	211
1256	800
1257	1445
1258	230
1259	1302
1260	767
1261	1281
1262	2670
1263	465
1264	478
1265	2210
1266	956
1267	3320
1268	30
1269	58
1270	3112
1271	458
1272	214
1273	2679
1274	2636
1275	16
1276	2374
1277	529
1278	2238
1279	973
1280	165
1281	844
1282	363
1283	1957
1284	1013
1285	1703
1286	215
1287	431
1288	1520
1289	442
1290	1080
1291	2177
1292	111
1293	161
1294	940
1295	28
1296	1410
1297	1132
1298	2920
1299	344
1300	52
1301	82
1302	79
1303	2847
1304	1727
1305	910
1306	294
1307	36
1308	3462
1309	339
1310	800
1311	41
1312	1392
1313	36
1314	199
1315	83
1316	334
1317	197
1318	2291
1319	344
1320	41
1321	917
1322	77
1323	2836
1324	1082
1325	1660
1326	2388
1327	66
1328	314
1329	976
1330	28
1331	3137
1332	783
1333	956
1334	10
1335	907
1336	783
1337	1
1338	1513
1339	3515
1340	769
1341	44
1342	2325
1343	63
1344	101
1345	181
1346	1084
1347	501
1348	2831
1349	111
1350	483
1351	11
1352	506
1353	534
1354	1008
1355	155
1356	1192
1357	928
1358	1236
1359	26
1360	2919
1361	1012
1362	934
1363	194
1364	337
1365	1468
1366	57
1367	63
1368	262
1369	82
1370	714
1371	1208
1372	2454
1373	265
1374	199
1375	101
1376	1224
1377	2589
1378	3022
1379	26
1380	187
1381	922
1382	29
1383	2632
1384	2694
1385	165
1386	176
1387	106
1388	235
1389	645
1390	926
1391	1575
1392	3600
1393	121
1394	2553
1395	77
1396	2238
1397	3831
1398	17
1399	3365
1400	7
1401	1057
1402	597
1403	833
1404	1117
1405	1184
1406	465
1407	121
1408	144
1409	534
1410	29
1411	111
1412	41
1413	722
1414	708
1415	72
1416	2388
1417	919
1418	17
1419	111
1420	954
1421	3289
1422	2674
1423	21
1424	233
1425	53
1426	363
1427	165
1428	246
1429	1732
1430	668
1431	3729
1432	1921
1433	1099
1434	482
1435	968
1436	11
1437	97
1438	231
1439	306
1440	3435
1441	707
1442	390
1443	161
1444	1073
1445	66
1446	290
1447	621
1448	929
1449	3091
1450	41
1451	214
1452	348
1453	1517
1454	1
1455	549
1456	373
1457	326
1458	159
1459	147
1460	10
1461	565
1462	165
1463	594
1464	2022
1465	1554
1466	771
1467	1220
1468	920
1469	858
1470	3360
1471	481
1472	131
1473	94
1474	599
1475	3091
1476	35
1477	34
1478	81
1479	945
1480	111
1481	910
1482	110
1483	97
1484	1898
1485	18
1486	3418
1487	34
1488	72
1489	283
1490	469
1491	126
1492	57
1493	428
1494	101
1495	105
1496	2131
1497	159
1498	282
1499	164
1500	429
1501	199
1502	3862
1503	211
1504	1416
1505	746
1506	615
1507	549
1508	1204
1509	304
1510	367
1511	1340
1512	1219
1513	235
1514	543
1515	1084
1516	80
1517	100
1518	111
1519	346
1520	6
1521	602
1522	1130
1523	428
1524	57
1525	2848
1526	263
1527	1050
1528	322
1529	196
1530	3612
1531	1250
1532	506
1533	760
1534	155
1535	314
1536	265
1537	151
1538	685
1539	1234
1540	1404
1541	1036
1542	954
1543	179
1544	940
1545	583
1546	2426
1547	199
1548	202
1549	2827
1550	263
1551	77
1552	82
1553	157
1554	151
1555	308
1556	1572
1557	81
1558	497
1559	362
1560	950
1561	117
1562	1331
1563	125
1564	2693
1565	166
1566	111
1567	766
1568	157
1569	523
1570	1082
1571	3022
1572	19
1573	858
1574	236
1575	1084
1576	5
1577	491
1578	36
1579	287
1580	163
1581	1361
1582	277
1583	1361
1584	146
1585	3425
1586	1068
1587	96
1588	383
1589	1173
1590	165
1591	55
1592	80
1593	1299
1594	32
1595	970
1596	47
1597	973
1598	950
1599	1940
1600	2179
1601	348
1602	908
1603	1073
1604	72
1605	3792
1606	300
1607	462
1608	1266
1609	844
1610	81
1611	3368
1612	1343
1613	907
1614	1304
1615	1250
1616	760
1617	107
1618	462
1619	1175
1620	1395
1621	3
1622	1282
1623	1340
1624	915
1625	1230
1626	1504
1627	2693
1628	1844
1629	1352
1630	1873
1631	925
1632	1114
1633	1732
1634	68
1635	80
1636	583
1637	899
1638	117
1639	1811
1640	111
1641	1688
1642	1544
1643	199
1644	482
1645	41
1646	1785
1647	926
1648	209
1649	911
1650	896
1651	2433
1652	3210
1653	50
1654	100
1655	1390
1656	1704
1657	293
1658	847
1659	3584
1660	69
1661	254
1662	1093
1663	2161
1664	63
1665	500
1666	55
1667	1340
1668	262
1669	32
1670	1050
1671	3643
1672	2694
1673	6
1674	589
1675	1086
1676	973
1677	6
1678	1262
1679	165
1680	1071
1681	52
1682	161
1683	141
1684	442
1685	391
1686	165
1687	155
1688	452
1689	3083
1690	31
1691	314
1692	3518
1693	3092
1694	2892
1695	955
1696	1537
1697	1614
1698	2215
1699	2532
1700	6
1701	3905
1702	107
1703	256
1704	81
1705	2961
1706	199
1707	100
1708	6
1709	188
1710	85
1711	101
1712	2780
1713	648
1714	1941
1715	6
1716	331
1717	807
1718	157
1719	231
1720	1289
1721	261
1722	41
1723	41
1724	910
1725	1231
1726	1340
1727	2164
1728	695
1729	3892
1730	1732
1731	52
1732	34
1733	90
1734	302
1735	1625
1736	147
1737	1725
1738	482
1739	1280
1740	501
1741	202
1742	314
1743	99
1744	1016
1745	215
1746	19
1747	3831
1748	84
1749	291
1750	199
1751	10
1752	570
1753	155
1754	1799
1755	309
1756	60
1757	213
1758	807
1759	1649
1760	1304
1761	2129
1762	69
1763	1250
1764	2602
1765	165
1766	62
1767	48
1768	521
1769	1304
1770	266
1771	86
1772	923
1773	1416
1774	2423
1775	347
1776	1484
1777	1939
1778	363
1779	111
1780	309
1781	161
1782	903
1783	912
1784	534
1785	36
1786	904
1787	1485
1788	92
1789	171
1790	724
1791	1236
1792	2
1793	3773
1794	3773
1795	1057
1796	691
1797	68
1798	929
1799	1251
1800	213
1801	111
1802	100
1803	1272
1804	1388
1805	556
1806	309
1807	760
1808	421
1809	1193
1810	34
1811	110
1812	242
1813	1732
1814	346
1815	1221
1816	1729
1817	17
1818	95
1819	897
1820	917
1821	406
1822	428
1823	5
1824	2689
1825	2689
1826	736
1827	973
1828	213
1829	406
1830	111
1831	94
1832	1533
1833	1299
1834	2108
1835	570
1836	1085
1837	570
1838	22
1839	162
1840	1249
1841	279
1842	320
1843	2848
1844	1407
1845	98
1846	2186
1847	1856
1848	2321
1849	223
1850	153
1851	1939
1852	2189
1853	335
1854	3124
1855	69
1856	3624
1857	1084
1858	151
1859	22
1860	1066
1861	1337
1862	1103
1863	1289
1864	1202
1865	716
1866	1913
1867	265
1868	602
1869	1414
1870	670
1871	991
1872	235
1873	528
1874	3
1875	526
1876	36
1877	32
1878	81
1879	929
1880	1117
1881	38
1882	5
1883	854
1884	577
1885	24
1886	39
1887	2022
1888	1022
1889	313
1890	2593
1891	978
1892	1095
1893	922
1894	1226
1895	2817
1896	680
1897	283
1898	10
1899	3139
1900	831
1901	1044
1902	339
1903	214
1904	64
1905	28
1906	902
1907	760
1908	1486
1909	171
1910	150
1911	2188
1912	1539
1913	2046
1914	467
1915	111
1916	2029
1917	1414
1918	1057
1919	275
1920	309
1921	3339
1922	829
1923	10
1924	3834
1925	262
1926	2632
1927	1221
1928	1962
1929	1907
1930	862
1931	1897
1932	259
1933	40
1934	21
1935	957
1936	2969
1937	2885
1938	1414
1939	83
1940	41
1941	2630
1942	3653
1943	2209
1944	81
1945	1185
1946	1178
1947	184
1948	902
1949	100
1950	45
1951	199
1952	565
1953	2443
1954	2430
1955	367
1956	345
1957	81
1958	283
1959	733
1960	445
1961	1194
1962	898
1963	80
1964	247
1965	903
1966	110
1967	2689
1968	1533
1969	1303
1970	50
1971	3210
1972	1060
1973	899
1974	3523
1975	671
1976	303
1977	2925
1978	973
1979	2891
1980	755
1981	95
1982	363
1983	268
1984	55
1985	62
1986	16
1987	79
1988	53
1989	899
1990	446
1991	117
1992	111
1993	1129
1994	100
1995	494
1996	670
1997	162
1998	301
1999	2378
2000	1280
2001	293
2002	1153
2003	1127
2004	440
2005	1199
2006	2205
2007	73
2008	171
2009	581
2010	2186
2011	35
2012	43
2013	34
2014	165
2015	967
2016	3714
2017	92
2018	96
2019	176
2020	384
2021	204
2022	1125
2023	851
2024	199
2025	1307
2026	178
2027	40
2028	2020
2029	381
2030	811
2031	1263
2032	150
2033	1408
2034	615
2035	1699
2036	166
2037	25
2038	3569
2039	2961
2040	350
2041	3150
2042	1853
2043	19
2044	915
2045	95
2046	249
2047	973
2048	86
2049	263
2050	1496
2051	2813
2052	2836
2053	621
2054	759
2055	89
2056	357
2057	1078
2058	1287
2059	309
2060	594
2061	903
2062	898
2063	1066
2064	1186
2065	377
2066	308
2067	2574
2068	207
2069	35
2070	1231
2071	514
2072	3052
2073	1087
2074	6
2075	670
2076	388
2077	128
2078	1957
2079	235
2080	929
2081	1288
2082	75
2083	45
2084	294
2085	475
2086	1193
2087	527
2088	521
2089	991
2090	3186
2091	903
2092	96
2093	187
2094	764
2095	1131
2096	330
2097	201
2098	1414
2099	440
2100	116
2101	2674
2102	2206
2103	911
2104	1176
2105	116
2106	3224
2107	1357
2108	232
2109	3415
2110	96
2111	903
2112	164
2113	246
2114	1263
2115	637
2116	2731
2117	901
2118	187
2119	2843
2120	1629
2121	309
2122	3643
2123	2546
2124	49
2125	1352
2126	532
2127	82
2128	2161
2129	928
2130	165
2131	920
2132	3813
2133	1193
2134	1538
2135	363
2136	779
2137	21
2138	243
2139	17
2140	379
2141	1193
2142	3051
2143	848
2144	244
2145	3606
2146	358
2147	1727
2148	955
2149	165
2150	367
2151	588
2152	47
2153	929
2154	2280
2155	231
2156	3872
2157	40
2158	42
2159	3532
2160	357
2161	154
2162	213
2163	101
2164	783
2165	72
2166	1228
2167	532
2168	108
2169	18
2170	147
2171	2941
2172	128
2173	2077
2174	1926
2175	550
2176	321
2177	23
2178	495
2179	1044
2180	233
2181	1058
2182	17
2183	1193
2184	34
2185	2574
2186	1175
2187	35
2188	220
2189	608
2190	467
2191	3199
2192	25
2193	32
2194	1231
2195	52
2196	3159
2197	165
2198	743
2199	111
2200	296
2201	246
2202	627
2203	549
2204	2525
2205	570
2206	132
2207	1307
2208	1305
2209	314
2210	314
2211	319
2212	1092
2213	746
2214	180
2215	184
2216	57
2217	501
2218	923
2219	560
2220	230
2221	1262
2222	1554
2223	2179
2224	6
2225	501
2226	173
2227	2189
2228	393
2229	2769
2230	104
2231	1588
2232	278
2233	386
2234	898
2235	41
2236	1207
2237	53
2238	1093
2239	100
2240	306
2241	452
2242	2051
2243	39
2244	77
2245	129
2246	53
2247	2049
2248	509
2249	86
2250	41
2251	210
2252	70
2253	2795
2254	1175
2255	155
2256	785
2257	368
2258	3330
2259	2
2260	2161
2261	750
2262	41
2263	1465
2264	1554
2265	932
2266	69
2267	1653
2268	2357
2269	1
2270	16
2271	3135
2272	1280
2273	233
2274	47
2275	318
2276	190
2277	3699
2278	165
2279	155
2280	1219
2281	231
2282	903
2283	902
2284	440
2285	4
2286	524
2287	16
2288	1572
2289	832
2290	3654
2291	1094
2292	165
2293	307
2294	14
2295	86
2296	70
2297	41
2298	454
2299	357
2300	41
2301	628
2302	274
2303	422
2304	775
2305	3819
2306	523
2307	98
2308	144
2309	1531
2310	1037
2311	424
2312	1440
2313	1302
2314	2689
2315	1407
2316	2056
2317	125
2318	246
2319	1226
2320	553
2321	1523
2322	18
2323	157
2324	560
2325	595
2326	111
2327	2166
2328	86
2329	2923
2330	236
2331	29
2332	314
2333	79
2334	131
2335	2189
2336	105
2337	1208
2338	1605
2339	3
2340	259
2341	3367
2342	2108
2343	847
2344	123
2345	2924
2346	261
2347	2080
2348	3041
2349	824
2350	2726
2351	294
2352	1204
2353	844
2354	599
2355	68
2356	1496
2357	1193
2358	161
2359	41
2360	1094
2361	235
2362	57
2363	1
2364	122
2365	930
2366	2542
2367	1208
2368	231
2369	86
2370	973
2371	499
2372	171
2373	907
2374	2095
2375	25
2376	1899
2377	1281
2378	1299
2379	306
2380	964
2381	1732
2382	164
2383	3241
2384	361
2385	231
2386	1286
2387	369
2388	314
2389	19
2390	308
2391	764
2392	367
2393	973
2394	62
2395	422
2396	482
2397	1085
2398	185
2399	3069
2400	1959
2401	70
2402	2181
2403	534
2404	1296
2405	46
2406	627
2407	939
2408	1226
2409	147
2410	670
2411	26
2412	32
2413	1
2414	158
2415	1208
2416	318
2417	246
2418	38
2419	2972
2420	1100
2421	230
2422	339
2423	379
2424	3402
2425	421
2426	3729
2427	111
2428	3217
2429	501
2430	100
2431	1407
2432	17
2433	1906
2434	111
2435	75
2436	2164
2437	290
2438	1123
2439	1404
2440	1907
2441	34
2442	28
2443	223
2444	1408
2445	678
2446	1931
2447	172
2448	539
2449	172
2450	541
2451	1211
2452	1361
2453	1076
2454	1280
2455	521
2456	1232
2457	937
2458	2898
2459	83
2460	60
2461	81
2462	628
2463	233
2464	1407
2465	30
2466	199
2467	29
2468	902
2469	953
2470	1304
2471	958
2472	3604
2473	165
2474	2763
2475	32
2476	481
2477	25
2478	1123
2479	41
2480	165
2481	957
2482	28
2483	760
2484	568
2485	844
2486	2365
2487	445
2488	62
2489	77
2490	1399
2491	2321
2492	41
2493	334
2494	41
2495	1380
2496	268
2497	953
2498	37
2499	760
2500	514
2501	610
2502	1019
2503	1226
2504	262
2505	170
2506	943
2507	972
2508	231
2509	314
2510	915
2511	150
2512	1407
2513	32
2514	907
2515	161
2516	308
2517	475
2518	2
2519	569
2520	2023
2521	249
2522	73
2523	941
2524	3036
2525	3
2526	101
2527	349
2528	1250
2529	53
2530	290
2531	1906
2532	521
2533	943
2534	1221
2535	85
2536	1407
2537	498
2538	1957
2539	1175
2540	1941
2541	3177
2542	3053
2543	236
2544	74
2545	309
2546	69
2547	495
2548	788
2549	991
2550	1569
2551	63
2552	467
2553	2324
2554	3181
2555	3657
2556	2938
2557	83
2558	140
2559	1636
2560	31
2561	2009
2562	57
2563	3360
2564	443
2565	1589
2566	154
2567	148
2568	293
2569	621
2570	1234
2571	151
2572	495
2573	1248
2574	29
2575	147
2576	101
2577	2105
2578	17
2579	1306
2580	991
2581	313
2582	1132
2583	81
2584	263
2585	116
2586	39
2587	36
2588	427
2589	973
2590	913
2591	41
2592	13
2593	81
2594	1899
2595	2165
2596	27
2597	31
2598	910
2599	3814
2600	957
2601	2669
2602	2388
2603	3071
2604	1785
2605	2056
2606	3309
2607	491
2608	294
2609	602
2610	908
2611	40
2612	262
2613	2927
2614	1485
2615	41
2616	2453
2617	442
2618	15
2619	549
2620	314
2621	498
2622	150
2623	914
2624	1471
2625	2325
2626	892
2627	55
2628	665
2629	1203
2630	319
2631	308
2632	1297
2633	261
2634	1086
2635	165
2636	100
2637	1907
2638	97
2639	1407
2640	745
2641	2180
2642	42
2643	108
2644	1019
2645	211
2646	2013
2647	1231
2648	171
2649	565
2650	957
2651	41
2652	671
2653	231
2654	750
2655	919
2656	393
2657	29
2658	3
2659	2848
2660	2179
2661	8
2662	95
2663	82
2664	929
2665	392
2666	231
2667	2370
2668	1362
2669	1335
2670	55
2671	160
2672	759
2673	2070
2674	84
2675	500
2676	392
2677	1073
2678	230
2679	275
2680	136
2681	280
2682	300
2683	63
2684	320
2685	1875
2686	875
2687	306
2688	3390
2689	534
2690	314
2691	80
2692	1228
2693	99
2694	588
2695	1059
2696	1660
2697	940
2698	101
2699	746
2700	670
2701	556
2702	1228
2703	3092
2704	1407
2705	908
2706	73
2707	1732
2708	1089
2709	1734
2710	1250
2711	6
2712	1689
2713	1940
2714	86
2715	976
2716	262
2717	465
2718	242
2719	2770
2720	3143
2721	308
2722	2076
2723	388
2724	2170
2725	165
2726	362
2727	3092
2728	262
2729	25
2730	2238
2731	199
2732	2161
2733	100
2734	254
2735	19
2736	30
2737	978
2738	198
2739	919
2740	892
2741	2407
2742	18
2743	2726
2744	208
2745	154
2746	2168
2747	157
2748	308
2749	913
2750	452
2751	19
2752	702
2753	570
2754	193
2755	2029
2756	41
2757	263
2758	329
2759	1257
2760	28
2761	425
2762	892
2763	11
2764	997
2765	1421
2766	100
2767	123
2768	2370
2769	27
2770	10
2771	2769
2772	446
2773	262
2774	1857
2775	25
2776	228
2777	599
2778	63
2779	100
2780	110
2781	841
2782	428
2783	314
2784	621
2785	960
2786	82
2787	10
2788	380
2789	125
2790	72
2791	123
2792	182
2793	571
2794	573
2795	2732
2796	670
2797	1254
2798	1029
2799	986
2800	169
2801	531
2802	1414
2803	844
2804	1937
2805	2433
2806	3203
2807	3539
2808	929
2809	1069
2810	2056
2811	3930
2812	3521
2813	800
2814	155
2815	179
2816	16
2817	28
2818	2300
2819	1258
2820	53
2821	358
2822	621
2823	1267
2824	764
2825	769
2826	451
2827	1405
2828	157
2829	30
2830	3598
2831	237
2832	57
2833	1250
2834	3657
2835	72
2836	111
2837	1941
2838	1050
2839	1304
2840	131
2841	49
2842	17
2843	2693
2844	1082
2845	339
2846	2682
2847	760
2848	27
2849	349
2850	290
2851	1649
2852	41
2853	309
2854	3230
2855	345
2856	1931
2857	668
2858	3584
2859	303
2860	1406
2861	993
2862	2424
2863	722
2864	290
2865	16
2866	549
2867	1073
2868	85
2869	86
2870	1080
2871	2769
2872	96
2873	309
2874	1951
2875	1248
2876	1910
2877	1173
2878	80
2879	367
2880	392
2881	81
2882	1677
2883	99
2884	531
2885	2952
2886	157
2887	1361
2888	166
2889	215
2890	806
2891	1094
2892	785
2893	111
2894	678
2895	496
2896	472
2897	308
2898	3918
2899	3473
2900	72
2901	298
2902	429
2903	2457
2904	100
2905	1104
2906	1188
2907	522
2908	1168
2909	3150
2910	2
2911	353
2912	915
2913	570
2914	1089
2915	165
2916	406
2917	230
2918	2632
2919	81
2920	28
2921	162
2922	1242
2923	3516
2924	892
2925	47
2926	397
2927	154
2928	2769
2929	911
2930	345
2931	363
2932	19
2933	90
2934	958
2935	117
2936	30
2937	1940
2938	538
2939	5
2940	556
2941	99
2942	14
2943	76
2944	254
2945	171
2946	2925
2947	3030
2948	417
2949	858
2950	462
2951	312
2952	322
2953	788
2954	260
2955	1349
2956	1261
2957	288
2958	175
2959	999
2960	232
2961	165
2962	1040
2963	1906
2964	2176
2965	161
2966	941
2967	264
2968	87
2969	3932
2970	381
2971	149
2972	354
2973	2689
2974	18
2975	1816
2976	1361
2977	1090
2978	560
2979	363
2980	1928
2981	7
2982	34
2983	318
2984	967
2985	941
2986	951
2987	125
2988	1682
2989	213
2990	18
2991	199
2992	2676
2993	41
2994	1362
2995	916
2996	3819
2997	442
2998	314
2999	260
3000	36
3001	469
3002	905
3003	81
3004	326
3005	1212
3006	19
3007	294
3008	1222
3009	223
3010	678
3011	52
3012	1202
3013	422
3014	2068
3015	350
3016	165
3017	238
3018	563
3019	858
3020	1257
3021	695
3022	913
3023	1090
3024	594
3025	26
3026	1348
3027	69
3028	2357
3029	1859
3030	82
3031	599
3032	1903
3033	26
3034	31
3035	560
3036	81
3037	305
3038	154
3039	199
3040	50
3041	80
3042	1208
3043	167
3044	486
3045	144
3046	436
3047	1238
3048	2256
3049	3158
3050	714
3051	906
3052	2637
3053	1169
3054	3109
3055	2674
3056	1104
3057	2301
3058	2184
3059	482
3060	235
3061	406
3062	16
3063	322
3064	1909
3065	1935
3066	61
3067	960
3068	235
3069	100
3070	129
3071	1204
3072	121
3073	29
3074	57
3075	1874
3076	272
3077	953
3078	973
3079	1028
3080	844
3081	760
3082	2573
3083	147
3084	318
3085	223
3086	7
3087	743
3088	929
3089	493
3090	165
3091	1906
3092	41
3093	566
3094	11
3095	111
3096	376
3097	475
3098	1941
3099	164
3100	929
3101	631
3102	327
3103	154
3104	81
3105	892
3106	2836
3107	428
3108	3533
3109	246
3110	598
3111	919
3112	326
3113	372
3114	1280
3115	235
3116	908
3117	780
3118	3092
3119	3813
3120	32
3121	2346
3122	34
3123	69
3124	3088
3125	973
3126	500
3127	14
3128	583
3129	149
3130	475
3131	759
3132	2310
3133	1
3134	81
3135	10
3136	176
3137	714
3138	322
3139	1173
3140	844
3141	3712
3142	760
3143	3456
3144	1873
3145	298
3146	3834
3147	3040
3148	2421
3149	1231
3150	762
3151	1043
3152	95
3153	1465
3154	422
3155	41
3156	720
3157	2756
3158	213
3159	49
3160	2076
3161	125
3162	340
3163	128
3164	111
3165	29
3166	52
3167	456
3168	1358
3169	1267
3170	1226
3171	824
3172	670
3173	141
3174	82
3175	1251
3176	314
3177	2836
3178	896
3179	2321
3180	2708
3181	916
3182	3951
3183	901
3184	358
3185	556
3186	621
3187	3475
3188	534
3189	211
3190	2961
3191	3868
3192	477
3193	308
3194	11
3195	15
3196	728
3197	154
3198	119
3199	111
3200	121
3201	101
3202	1755
3203	615
3204	17
3205	241
3206	2340
3207	329
3208	2624
3209	296
3210	35
3211	668
3212	206
3213	1084
3214	678
3215	482
3216	129
3217	503
3218	615
3219	1014
3220	119
3221	144
3222	377
3223	85
3224	967
3225	2068
3226	80
3227	615
3228	1178
3229	563
3230	1236
3231	2178
3232	635
3233	3427
3234	973
3235	47
3236	66
3237	613
3238	3105
3239	1483
3240	1084
3241	85
3242	2961
3243	893
3244	62
3245	1304
3246	53
3247	262
3248	1569
3249	52
3250	268
3251	306
3252	2
3253	599
3254	783
3255	157
3256	1172
3257	41
3258	25
3259	2938
3260	211
3261	96
3262	363
3263	1006
3264	1090
3265	3124
3266	2774
3267	2170
3268	1658
3269	157
3270	1162
3271	30
3272	1793
3273	6
3274	945
3275	2238
3276	3593
3277	100
3278	2023
3279	2015
3280	116
3281	1082
3282	25
3283	1362
3284	166
3285	2899
3286	1238
3287	82
3288	3729
3289	493
3290	615
3291	293
3292	397
3293	233
3294	194
3295	21
3296	314
3297	912
3298	16
3299	1770
3300	215
3301	746
3302	383
3303	235
3304	316
3305	68
3306	2905
3307	1498
3308	488
3309	1941
3310	909
3311	347
3312	59
3313	2923
3314	640
3315	1292
3316	3067
3317	290
3318	1639
3319	764
3320	375
3321	2
3322	57
3323	190
3324	1036
3325	720
3326	1266
3327	1150
3328	911
3329	2356
3330	58
3331	1906
3332	36
3333	2357
3334	565
3335	2392
3336	3759
3337	308
3338	1873
3339	70
3340	79
3341	391
3342	442
3343	18
3344	30
3345	2676
3346	837
3347	293
3348	3053
3349	1658
3350	147
3351	1732
3352	2177
3353	904
3354	1298
3355	2693
3356	79
3357	3584
3358	2597
3359	501
3360	2017
3361	85
3362	38
3363	3330
3364	1189
3365	225
3366	151
3367	184
3368	94
3369	1289
3370	80
3371	108
3372	92
3373	750
3374	917
3375	2746
3376	923
3377	1073
3378	515
3379	903
3380	1575
3381	2981
3382	2357
3383	728
3384	475
3385	185
3386	237
3387	669
3388	2162
3389	2388
3390	1407
3391	844
3392	306
3393	2836
3394	2824
3395	141
3396	123
3397	41
3398	832
3399	159
3400	8
3401	668
3402	1160
3403	90
3404	991
3405	162
3406	58
3407	1274
3408	973
3409	103
3410	3592
3411	214
3412	179
3413	2
3414	973
3415	1269
3416	2594
3417	147
3418	40
3419	298
3420	88
3421	551
3422	759
3423	475
3424	2944
3425	702
3426	30
3427	1873
3428	268
3429	1257
3430	536
3431	897
3432	257
3433	1672
3434	882
3435	46
3436	512
3437	262
3438	428
3439	800
3440	2161
3441	3600
3442	1138
3443	10
3444	1294
3445	461
3446	1291
3447	1416
3448	150
3449	454
3450	1080
3451	1135
3452	70
3453	74
3454	3503
3455	471
3456	314
3457	670
3458	3397
3459	111
3460	190
3461	24
3462	83
3463	247
3464	929
3465	11
3466	104
3467	11
3468	1348
3469	176
3470	1266
3471	3319
3472	21
3473	155
3474	165
3475	563
3476	294
3477	760
3478	7
3479	18
3480	60
3481	775
3482	208
3483	702
3484	213
3485	1227
3486	118
3487	2205
3488	1
3489	573
3490	722
3491	1531
3492	1596
3493	231
3494	588
3495	1732
3496	58
3497	329
3498	40
3499	306
3500	265
3501	594
3502	482
3503	781
3504	3834
3505	633
3506	232
3507	1937
3508	1263
3509	80
3510	171
3511	764
3512	1209
3513	615
3514	1963
3515	482
3516	1241
3517	88
3518	2056
3519	240
3520	365
3521	116
3522	175
3523	2365
3524	416
3525	586
3526	1684
3527	32
3528	1131
3529	302
3530	185
3531	1684
3532	97
3533	565
3534	1085
3535	1873
3536	1460
3537	88
3538	783
3539	1741
3540	254
3541	555
3542	1219
3543	364
3544	21
3545	108
3546	1026
3547	974
3548	1865
3549	216
3550	1516
3551	929
3552	2937
3553	720
3554	2011
3555	342
3556	3022
3557	1537
3558	13
3559	344
3560	610
3561	210
3562	863
3563	1204
3564	421
3565	1277
3566	3255
3567	832
3568	500
3569	3117
3570	154
3571	590
3572	72
3573	379
3574	1399
3575	3753
3576	219
3577	383
3578	3224
3579	3617
3580	247
3581	1358
3582	521
3583	468
3584	650
3585	406
3586	94
3587	262
3588	381
3589	668
3590	910
3591	452
3592	3133
3593	469
3594	455
3595	1078
3596	929
3597	565
3598	37
3599	378
3600	2066
3601	57
3602	85
3603	2767
3604	2690
3605	100
3606	1513
3607	1913
3608	123
3609	1219
3610	2842
3611	443
3612	53
3613	322
3614	1204
3615	1138
3616	1037
3617	337
3618	2099
3619	2769
3620	2833
3621	392
3622	154
3623	77
3624	154
3625	1012
3626	929
3627	50
3628	800
3629	161
3630	3538
3631	36
3632	1304
3633	300
3634	1089
3635	1901
3636	117
3637	32
3638	210
3639	443
3640	185
3641	1169
3642	367
3643	2983
3644	847
3645	2574
3646	154
3647	210
3648	149
3649	147
3650	2179
3651	154
3652	2575
3653	340
3654	3814
3655	428
3656	1641
3657	462
3658	322
3659	26
3660	153
3661	1976
3662	930
3663	3206
3664	214
3665	973
3666	153
3667	361
3668	1721
3669	928
3670	1873
3671	428
3672	116
3673	1008
3674	900
3675	326
3676	892
3677	57
3678	358
3679	833
3680	299
3681	3061
3682	2203
3683	967
3684	2100
3685	760
3686	73
3687	978
3688	128
3689	1080
3690	2794
3691	7
3692	339
3693	824
3694	14
3695	581
3696	1237
3697	1921
3698	454
3699	85
3700	500
3701	670
3702	176
3703	909
3704	66
3705	3092
3706	306
3707	111
3708	1089
3709	290
3710	1878
3711	62
3712	534
3713	422
3714	41
3715	161
3716	764
3717	3774
3718	166
3719	277
3720	1226
3721	2447
3722	1222
3723	293
3724	925
3725	553
3726	154
3727	3678
3728	288
3729	1130
3730	50
3731	36
3732	1587
3733	35
3734	185
3735	1860
3736	72
3737	2860
3738	2
3739	2455
3740	1172
3741	71
3742	2472
3743	1250
3744	11
3745	858
3746	422
3747	266
3748	550
3749	30
3750	84
3751	1725
3752	452
3753	908
3754	314
3755	263
3756	523
3757	35
3758	2392
3759	1204
3760	3309
3761	500
3762	197
3763	2387
3764	36
3765	5
3766	898
3767	298
3768	1399
3769	121
3770	2179
3771	923
3772	32
3773	3765
3774	85
3775	569
3776	45
3777	1340
3778	1423
3779	1221
3780	581
3781	69
3782	147
3783	1206
3784	2
3785	522
3786	1922
3787	1721
3788	728
3789	213
3790	3071
3791	1162
3792	931
3793	3081
3794	1408
3795	17
3796	771
3797	3241
3798	11
3799	494
3800	3190
3801	1
3802	2872
3803	185
3804	147
3805	235
3806	31
3807	1821
3808	1656
3809	3916
3810	314
3811	314
3812	458
3813	14
3814	909
3815	445
3816	309
3817	18
3818	63
3819	72
3820	2858
3821	3375
3822	3270
3823	12
3824	3115
3825	80
3826	1365
3827	232
3828	2730
3829	1423
3830	81
3831	929
3832	907
3833	1934
3834	581
3835	24
3836	926
3837	1964
3838	1732
3839	2657
3840	170
3841	3092
3842	3820
3843	2942
3844	3362
3845	500
3846	232
3847	599
3848	60
3849	2268
3850	1138
3851	144
3852	262
3853	281
3854	1125
3855	3421
3856	350
3857	63
3858	669
3859	2357
3860	1569
3861	1080
3862	326
3863	1136
3864	379
3865	1732
3866	262
3867	241
3868	556
3869	4
3870	58
3871	40
3872	89
3873	1953
3874	111
3875	892
3876	266
3877	1
3878	959
3879	553
3880	3051
3881	327
3882	2924
3883	534
3884	3569
3885	957
3886	2961
3887	691
3888	156
3889	2377
3890	175
3891	1178
3892	670
3893	98
3894	598
3895	3338
3896	1231
3897	541
3898	2370
3899	1222
3900	155
3901	3253
3902	904
3903	77
3904	3754
3905	725
3906	1982
3907	913
3908	100
3909	1073
3910	1941
3911	2139
3912	1028
3913	538
3914	1870
3915	231
3916	2848
3917	162
3918	162
3919	17
3920	162
3921	383
3922	314
3923	314
3924	235
3925	994
3926	185
3927	210
3928	2771
3929	3873
3930	1361
3931	570
3932	110
3933	783
3934	1209
3935	308
3936	18
3937	469
3938	187
3939	1333
3940	106
3941	223
3942	98
3943	43
3944	3
3945	3171
3946	3068
3947	147
3948	73
3949	1035
3950	27
3951	3646
3952	100
3953	444
3954	2693
3955	246
3956	357
3957	1934
3958	750
3959	593
3960	945
3961	509
3962	2118
3963	2269
3964	2669
3965	616
3966	1608
3967	213
3968	1219
3969	529
3970	1331
3971	2813
3972	1090
3973	356
3974	534
3975	100
3976	844
3977	1250
3978	3470
3979	10
3980	589
3981	3224
3982	3584
3983	1194
3984	69
3985	200
3986	65
3987	2166
3988	1061
3989	154
3990	1213
3991	231
3992	943
3993	731
3994	462
3995	1296
3996	1292
3997	932
3998	368
3999	946
4000	524
4001	1571
4002	144
4003	1306
4004	588
4005	273
4006	2831
4007	1925
4008	2693
4009	952
4010	26
4011	848
4012	3499
4013	2202
4014	522
4015	27
4016	1890
4017	293
4018	1230
4019	16
4020	237
4021	55
4022	207
4023	524
4024	162
4025	1093
4026	2181
4027	1103
4028	456
4029	534
4030	57
4031	446
4032	427
4033	1262
4034	70
4035	63
4036	1231
4037	41
4038	314
4039	1721
4040	1231
4041	759
4042	3473
4043	8
4044	14
4045	334
4046	308
4047	57
4048	81
4049	3012
4050	63
4051	166
4052	123
4053	3625
4054	211
4055	1219
4056	1089
4057	2108
4058	1162
4059	454
4060	433
4061	1073
4062	955
4063	11
4064	618
4065	70
4066	3625
4067	111
4068	892
4069	34
4070	3330
4071	358
4072	743
4073	6
4074	36
4075	465
4076	1043
4077	1906
4078	1931
4079	116
4080	22
4081	999
4082	83
4083	425
4084	3094
4085	911
4086	3071
4087	2166
4088	1080
4089	573
4090	454
4091	971
4092	95
4093	159
4094	309
4095	2165
4096	973
4097	3740
4098	882
4099	1934
4100	1219
4101	1485
4102	2022
4103	959
4104	2166
4105	2
4106	150
4107	99
4108	778
4109	293
4110	262
4111	2161
4112	1203
4113	383
4114	44
4115	197
4116	2098
4117	129
4118	580
4119	32
4120	2511
4121	2863
4122	77
4123	166
4124	2728
4125	4
4126	525
4127	2664
4128	252
4129	41
4130	621
4131	39
4132	73
4133	2022
4134	469
4135	95
4136	34
4137	147
4138	1906
4139	2010
4140	2896
4141	1234
4142	111
4143	1459
4144	210
4145	262
4146	1485
4147	193
4148	903
4149	1073
4150	1622
4151	1193
4152	308
4153	2357
4154	314
4155	262
4156	534
4157	1084
4158	1437
4159	953
4160	2056
4161	670
4162	3905
4163	892
4164	1941
4165	1306
4166	28
4167	80
4168	69
4169	3022
4170	2154
4171	129
4172	210
4173	2720
4174	2667
4175	11
4176	165
4177	338
4178	911
4179	28
4180	2764
4181	427
4182	52
4183	30
4184	314
4185	50
4186	1743
4187	293
4188	2959
4189	3504
4190	3395
4191	1090
4192	1873
4193	407
4194	425
4195	85
4196	599
4197	60
4198	1208
4199	157
4200	41
4201	1717
4202	1721
4203	121
4204	523
4205	903
4206	1083
4207	1617
4208	1127
4209	28
4210	720
4211	2432
4212	714
4213	308
4214	300
4215	907
4216	32
4217	2069
4218	447
4219	246
4220	427
4221	534
4222	383
4223	126
4224	784
4225	668
4226	45
4227	2028
4228	648
4229	427
4230	3618
4231	236
4232	935
4233	100
4234	5
4235	1379
4236	231
4237	195
4238	573
4239	334
4240	586
4241	318
4242	2435
4243	1347
4244	7
4245	161
4246	161
4247	720
4248	155
4249	157
4250	923
4251	68
4252	36
4253	519
4254	60
4255	750
4256	482
4257	100
4258	2820
4259	529
4260	3338
4261	1942
4262	111
4263	2677
4264	92
4265	2238
4266	1231
4267	32
4268	1554
4269	319
4270	2394
4271	598
4272	941
4273	7
4274	48
4275	2840
4276	339
4277	3736
4278	1129
4279	3091
4280	95
4281	334
4282	1873
4283	802
4284	991
4285	346
4286	231
4287	28
4288	254
4289	163
4290	595
4291	39
4292	150
4293	1617
4294	147
4295	1
4296	28
4297	1204
4298	639
4299	554
4300	41
4301	1077
4302	90
4303	241
4304	14
4305	309
4306	1256
4307	58
4308	354
4309	160
4310	152
4311	1772
4312	929
4313	524
4314	494
4315	81
4316	22
4317	111
4318	973
4319	50
4320	908
4321	231
4322	2897
4323	2439
4324	164
4325	36
4326	231
4327	233
4328	363
4329	2956
4330	1906
4331	364
4332	6
4333	390
4334	640
4335	1024
4336	27
4337	521
4338	18
4339	36
4340	215
4341	1201
4342	5
4343	3071
4344	2934
4345	1472
4346	2357
4347	306
4348	50
4349	1076
4350	521
4351	36
4352	929
4353	36
4354	621
4355	334
4356	1484
4357	195
4358	1416
4359	17
4360	493
4361	100
4362	2920
4363	802
4364	17
4365	2432
4366	2706
4367	3399
4368	421
4369	2466
4370	262
4371	2280
4372	1
4373	95
4374	63
4375	1956
4376	3051
4377	73
4378	290
4379	1162
4380	173
4381	2388
4382	1298
4383	367
4384	392
4385	32
4386	197
4387	2865
4388	3240
4389	446
4390	1302
4391	50
4392	88
4393	3408
4394	25
4395	1246
4396	1485
4397	2108
4398	62
4399	3945
4400	1487
4401	1572
4402	141
4403	1941
4404	594
4405	589
4406	2025
4407	279
4408	3149
4409	262
4410	482
4411	668
4412	1497
4413	909
4414	475
4415	1207
4416	451
4417	39
4418	695
4419	231
4420	593
4421	3096
4422	3872
4423	2080
4424	290
4425	1925
4426	806
4427	333
4428	36
4429	29
4430	903
4431	314
4432	1906
4433	2323
4434	1224
4435	364
4436	83
4437	627
4438	95
4439	1297
4440	314
4441	337
4442	17
4443	2535
4444	442
4445	111
4446	515
4447	1058
4448	298
4449	940
4450	246
4451	959
4452	97
4453	668
4454	72
4455	1257
4456	929
4457	503
4458	2264
4459	77
4460	714
4461	431
4462	1500
4463	1187
4464	1252
4465	147
4466	2166
4467	1067
4468	262
4469	1244
4470	81
4471	929
4472	37
4473	87
4474	308
4475	482
4476	388
4477	393
4478	40
4479	262
4480	949
4481	940
4482	53
4483	213
4484	1516
4485	111
4486	2537
4487	1658
4488	282
4489	80
4490	764
4491	2924
4492	2
4493	959
4494	81
4495	41
4496	213
4497	249
4498	1080
4499	72
4500	524
4501	1194
4502	2934
4503	154
4504	2875
4505	942
4506	1413
4507	422
4508	1063
4509	268
4510	1650
4511	152
4512	78
4513	1304
4514	3365
4515	141
4516	973
4517	3049
4518	98
4519	86
4520	3246
4521	722
4522	1161
4523	472
4524	1300
4525	314
4526	184
4527	2433
4528	1729
4529	32
4530	482
4531	230
4532	523
4533	41
4534	314
4535	213
4536	316
4537	1090
4538	69
4539	427
4540	469
4541	6
4542	482
4543	903
4544	14
4545	21
4546	353
4547	1907
4548	50
4549	1605
4550	69
4551	1144
4552	111
4553	16
4554	508
4555	123
4556	2836
4557	753
4558	307
4559	194
4560	3808
4561	43
4562	84
4563	18
4564	42
4565	839
4566	778
4567	149
4568	991
4569	3083
4570	2507
4571	1028
4572	528
4573	783
4574	2388
4575	325
4576	653
4577	3863
4578	929
4579	1575
4580	2920
4581	800
4582	932
4583	1129
4584	854
4585	1202
4586	556
4587	901
4588	1703
4589	363
4590	100
4591	279
4592	600
4593	53
4594	42
4595	60
4596	746
4597	296
4598	90
4599	154
4600	1340
4601	3040
4602	1000
4603	345
4604	342
4605	60
4606	53
4607	1874
4608	1649
4609	211
4610	85
4611	1941
4612	523
4613	57
4614	326
4615	1366
4616	213
4617	2409
4618	903
4619	549
4620	1192
4621	306
4622	904
4623	110
4624	125
4625	344
4626	384
4627	615
4628	41
4629	529
4630	837
4631	581
4632	161
4633	15
4634	190
4635	309
4636	14
4637	2932
4638	2908
4639	58
4640	1111
4641	30
4642	16
4643	59
4644	1125
4645	118
4646	3255
4647	1064
4648	150
4649	161
4650	1758
4651	297
4652	28
4653	751
4654	848
4655	53
4656	556
4657	965
4658	670
4659	363
4660	147
4661	2070
4662	328
4663	106
4664	1
4665	50
4666	81
4667	390
4668	76
4669	2300
4670	892
4671	1906
4672	933
4673	131
4674	5
4675	876
4676	569
4677	161
4678	452
4679	293
4680	1002
4681	152
4682	850
4683	161
4684	263
4685	49
4686	522
4687	321
4688	367
4689	562
4690	1605
4691	242
4692	714
4693	154
4694	956
4695	3006
4696	34
4697	35
4698	293
4699	224
4700	155
4701	1209
4702	1485
4703	25
4704	3554
4705	199
4706	973
4707	2166
4708	670
4709	1407
4710	702
4711	2161
4712	37
4713	111
4714	28
4715	211
4716	728
4717	3036
4718	28
4719	783
4720	25
4721	110
4722	3082
4723	85
4724	2388
4725	668
4726	363
4727	1287
4728	128
4729	211
4730	3137
4731	1906
4732	2674
4733	41
4734	81
4735	764
4736	268
4737	41
4738	2164
4739	2388
4740	491
4741	6
4742	386
4743	929
4744	991
4745	909
4746	41
4747	28
4748	263
4749	1092
4750	72
4751	194
4752	595
4753	1173
4754	279
4755	1266
4756	334
4757	2527
4758	2388
4759	319
4760	909
4761	162
4762	2356
4763	314
4764	110
4765	2129
4766	111
4767	1085
4768	236
4769	2134
4770	154
4771	2095
4772	1008
4773	299
4774	750
4775	233
4776	26
4777	1235
4778	47
4779	449
4780	565
4781	475
4782	125
4783	929
4784	2425
4785	1942
4786	309
4787	1272
4788	3285
4789	3166
4790	3012
4791	1522
4792	919
4793	565
4794	162
4795	369
4796	298
4797	47
4798	1266
4799	1650
4800	1280
4801	532
4802	1068
4803	277
4804	2342
4805	628
4806	314
4807	101
4808	668
4809	560
4810	800
4811	1077
4812	785
4813	63
4814	100
4815	190
4816	49
4817	83
4818	36
4819	2183
4820	246
4821	1906
4822	213
4823	2847
4824	2189
4825	482
4826	3097
4827	29
4828	1588
4829	2972
4830	162
4831	2187
4832	1597
4833	1378
4834	35
4835	560
4836	166
4837	123
4838	3821
4839	1608
4840	1285
4841	26
4842	2726
4843	2927
4844	368
4845	2479
4846	32
4847	1144
4848	839
4849	100
4850	368
4851	903
4852	661
4853	1202
4854	136
4855	2069
4856	970
4857	500
4858	10
4859	2003
4860	324
4861	59
4862	448
4863	58
4864	1127
4865	48
4866	111
4867	3092
4868	928
4869	1420
4870	2660
4871	2166
4872	105
4873	349
4874	3871
4875	165
4876	783
4877	670
4878	1410
4879	1669
4880	549
4881	892
4882	879
4883	1262
4884	3283
4885	380
4886	913
4887	274
4888	1144
4889	409
4890	22
4891	314
4892	2836
4893	163
4894	210
4895	18
4896	2394
4897	28
4898	2197
4899	715
4900	290
4901	233
4902	1680
4903	141
4904	218
4905	947
4906	621
4907	95
4908	615
4909	69
4910	3363
4911	1725
4912	110
4913	80
4914	31
4915	991
4916	559
4917	1926
4918	53
4919	329
4920	21
4921	906
4922	877
4923	848
4924	3255
4925	36
4926	3189
4927	1096
4928	1471
4929	41
4930	1266
4931	588
4932	1194
4933	2118
4934	386
4935	233
4936	86
4937	124
4938	1361
4939	2048
4940	128
4941	3255
4942	40
4943	971
4944	3697
4945	957
4946	83
4947	262
4948	632
4949	41
4950	128
4951	22
4952	1201
4953	929
4954	1248
4955	111
4956	2780
4957	2776
4958	722
4959	80
4960	199
4961	154
4962	929
4963	1224
4964	659
4965	1961
4966	1960
4967	2677
4968	199
4969	3538
4970	678
4971	950
4972	928
4973	2162
4974	949
4975	306
4976	456
4977	602
4978	1173
4979	263
4980	844
4981	1458
4982	368
4983	43
4984	3606
4985	1468
4986	482
4987	1658
4988	161
4989	363
4990	1123
4991	111
4992	2076
4993	1554
4994	72
4995	1503
4996	230
4997	1231
4998	452
4999	922
5000	844
5001	92
5002	670
5003	62
5004	1222
5005	1151
5006	1538
5007	36
5008	365
5009	393
5010	16
5011	807
5012	3075
5013	123
5014	454
5015	397
5016	2160
5017	41
5018	148
5019	1804
5020	1960
5021	233
5022	2
5023	1078
5024	3311
5025	85
5026	1169
5027	1193
5028	1220
5029	1079
5030	903
5031	2290
5032	456
5033	344
5034	937
5035	512
5036	47
5037	1952
5038	2550
5039	1282
5040	3669
5041	588
5042	1383
5043	87
5044	928
5045	2238
5046	1068
5047	922
5048	261
5049	197
5050	1906
5051	1228
5052	168
5053	1321
5054	2839
5055	722
5056	3022
5057	213
5058	162
5059	764
5060	670
5061	41
5062	110
5063	199
5064	316
5065	760
5066	150
5067	1935
5068	147
5069	34
5070	210
5071	164
5072	126
5073	2116
5074	124
5075	111
5076	121
5077	283
5078	3551
5079	349
5080	36
5081	79
5082	128
5083	1209
5084	175
5085	268
5086	3133
5087	844
5088	913
5089	52
5090	416
5091	2239
5092	912
5093	100
5094	41
5095	123
5096	560
5097	16
5098	277
5099	220
5100	287
5101	745
5102	3681
5103	451
5104	11
5105	277
5106	246
5107	964
5108	1874
5109	833
5110	592
5111	876
5112	3866
5113	526
5114	1131
5115	6
5116	17
5117	892
5118	271
5119	125
5120	3643
5121	166
5122	160
5123	1193
5124	3905
5125	670
5126	2885
5127	2289
5128	379
5129	911
5130	314
5131	3088
5132	30
5133	215
5134	668
5135	144
5136	1204
5137	166
5138	8
5139	2202
5140	201
5141	273
5142	68
5143	725
5144	222
5145	34
5146	247
5147	308
5148	1231
5149	176
5150	912
5151	344
5152	969
5153	565
5154	1215
5155	1411
5156	844
5157	562
5158	844
5159	34
5160	468
5161	136
5162	337
5163	369
5164	555
5165	141
5166	2351
5167	30
5168	101
5169	882
5170	281
5171	24
5172	3666
5173	882
5174	334
5175	150
5176	1525
5177	1219
5178	2609
5179	363
5180	231
5181	741
5182	240
5183	85
5184	1132
5185	3124
5186	164
5187	117
5188	43
5189	233
5190	329
5191	208
5192	1230
5193	2129
5194	3405
5195	1926
5196	560
5197	2406
5198	268
5199	163
5200	949
5201	128
5202	41
5203	6
5204	663
5205	88
5206	2357
5207	586
5208	17
5209	2751
5210	62
5211	363
5212	3742
5213	442
5214	378
5215	2324
5216	358
5217	213
5218	32
5219	101
5220	98
5221	41
5222	2769
5223	35
5224	953
5225	703
5226	1150
5227	735
5228	647
5229	144
5230	949
5231	3421
5232	778
5233	2463
5234	263
5235	522
5236	80
5237	16
5238	527
5239	3329
5240	157
5241	90
5242	392
5243	904
5244	800
5245	82
5246	18
5247	21
5248	499
5249	189
5250	156
5251	965
5252	1161
5253	1414
5254	9
5255	173
5256	722
5257	568
5258	16
5259	14
5260	560
5261	1269
5262	909
5263	500
5264	100
5265	1749
5266	309
5267	1079
5268	1896
5269	1850
5270	522
5271	2488
5272	2280
5273	63
5274	14
5275	41
5276	23
5277	194
5278	1938
5279	549
5280	293
5281	526
5282	290
5283	41
5284	986
5285	725
5286	307
5287	3676
5288	678
5289	807
5290	319
5291	68
5292	50
5293	1135
5294	443
5295	95
5296	163
5297	62
5298	249
5299	3653
5300	1444
5301	3879
5302	254
5303	82
5304	29
5305	326
5306	2962
5307	344
5308	154
5309	73
5310	458
5311	50
5312	997
5313	28
5314	235
5315	1213
5316	86
5317	136
5318	3088
5319	156
5320	409
5321	3402
5322	1669
5323	194
5324	743
5325	279
5326	330
5327	599
5328	30
5329	668
5330	298
5331	1303
5332	1388
5333	854
5334	2257
5335	552
5336	111
5337	256
5338	1173
5339	117
5340	1206
5341	75
5342	414
5343	920
5344	148
5345	1247
5346	199
5347	750
5348	1129
5349	1879
5350	1289
5351	236
5352	205
5353	2
5354	3214
5355	3245
5356	1204
5357	41
5358	941
5359	106
5360	2193
5361	939
5362	500
5363	1096
5364	268
5365	3432
5366	950
5367	621
5368	2572
5369	973
5370	474
5371	1572
5372	100
5373	1663
5374	2689
5375	58
5376	2848
5377	2961
5378	670
5379	82
5380	1732
5381	1201
5382	111
5383	111
5384	2747
5385	367
5386	2329
5387	212
5388	1231
5389	144
5390	928
5391	2700
5392	2145
5393	1934
5394	702
5395	82
5396	48
5397	3736
5398	111
5399	750
5400	569
5401	198
5402	157
5403	3340
5404	2983
5405	927
5406	116
5407	41
5408	2969
5409	1204
5410	912
5411	17
5412	2848
5413	128
5414	312
5415	94
5416	17
5417	150
5418	309
5419	2305
5420	1296
5421	2
5422	199
5423	25
5424	927
5425	184
5426	1083
5427	72
5428	213
5429	121
5430	92
5431	31
5432	2135
5433	503
5434	121
5435	300
5436	1352
5437	83
5438	1910
5439	262
5440	29
5441	78
5442	193
5443	309
5444	2501
5445	81
5446	45
5447	90
5448	136
5449	410
5450	645
5451	2961
5452	108
5453	3330
5454	308
5455	491
5456	1485
5457	2674
5458	1982
5459	147
5460	349
5461	363
5462	367
5463	2424
5464	848
5465	1150
5466	613
5467	991
5468	775
5469	154
5470	1079
5471	6
5472	96
5473	1906
5474	3145
5475	245
5476	82
5477	3330
5478	422
5479	40
5480	8
5481	1266
5482	75
5483	421
5484	100
5485	164
5486	897
5487	70
5488	397
5489	1091
5490	2405
5491	899
5492	1131
5493	948
5494	112
5495	247
5496	2447
5497	1245
5498	469
5499	40
5500	1809
5501	197
5502	78
5503	1131
5504	199
5505	173
5506	246
5507	910
5508	8
5509	949
5510	1162
5511	833
5512	41
5513	242
5514	95
5515	1306
5516	500
5517	454
5518	810
5519	37
5520	154
5521	2294
5522	1880
5523	1857
5524	27
5525	62
5526	1860
5527	422
5528	80
5529	1221
5530	2175
5531	1673
5532	19
5533	1237
5534	23
5535	3200
5536	2769
5537	621
5538	37
5539	2164
5540	41
5541	2728
5542	29
5543	2594
5544	482
5545	165
5546	2061
5547	1078
5548	331
5549	161
5550	37
5551	1231
5552	2069
5553	445
5554	43
5555	2069
5556	2998
5557	72
5558	2676
5559	2433
5560	236
5561	20
5562	171
5563	207
5564	785
5565	1938
5566	319
5567	2365
5568	635
5569	2069
5570	154
5571	8
5572	61
5573	824
5574	211
5575	301
5576	309
5577	2981
5578	41
5579	1293
5580	668
5581	920
5582	3599
5583	456
5584	81
5585	228
5586	215
5587	100
5588	764
5589	233
5590	3092
5591	670
5592	308
5593	938
5594	309
5595	1447
5596	3051
5597	232
5598	1230
5599	1304
5600	1037
5601	1472
5602	1343
5603	2836
5604	128
5605	3850
5606	252
5607	978
5608	85
5609	30
5610	586
5611	25
5612	2764
5613	1907
5614	1844
5615	929
5616	1485
5617	2485
5618	901
5619	1601
5620	1162
5621	136
5622	678
5623	1649
5624	308
5625	1169
5626	242
5627	3817
5628	903
5629	176
5630	944
5631	35
5632	556
5633	500
5634	1211
5635	581
5636	1067
5637	81
5638	1471
5639	144
5640	18
5641	695
5642	63
5643	1901
5644	179
5645	117
5646	58
5647	171
5648	1906
5649	760
5650	179
5651	57
5652	380
5653	1450
5654	3049
5655	82
5656	2488
5657	920
5658	363
5659	269
5660	233
5661	2351
5662	387
5663	123
5664	30
5665	610
5666	2694
5667	3794
5668	26
5669	940
5670	73
5671	100
5672	36
5673	1942
5674	482
5675	375
5676	594
5677	957
5678	152
5679	596
5680	680
5681	454
5682	363
5683	3457
5684	506
5685	1520
5686	495
5687	449
5688	306
5689	75
5690	714
5691	241
5692	185
5693	52
5694	176
5695	246
5696	2094
5697	10
5698	176
5699	3357
5700	2105
5701	87
5702	3507
5703	1225
5704	319
5705	175
5706	63
5707	63
5708	314
5709	154
5710	2708
5711	1193
5712	2805
5713	1416
5714	95
5715	1094
5716	56
5717	49
5718	370
5719	349
5720	3617
5721	2087
5722	669
5723	94
5724	2453
5725	223
5726	1083
5727	1732
5728	965
5729	436
5730	63
5731	1244
5732	991
5733	3675
5734	1436
5735	34
5736	1865
5737	844
5738	40
5739	565
5740	1537
5741	908
5742	110
5743	28
5744	1305
5745	63
5746	155
5747	2351
5748	288
5749	59
5750	633
5751	1854
5752	121
5753	920
5754	665
5755	255
5756	207
5757	900
5758	1935
5759	77
5760	50
5761	262
5762	40
5763	1850
5764	104
5765	2961
5766	1471
5767	5
5768	151
5769	199
5770	1251
5771	760
5772	2817
5773	17
5774	262
5775	670
5776	105
5777	602
5778	527
5779	3625
5780	1262
5781	1250
5782	1944
5783	329
5784	1213
5785	973
5786	229
5787	583
5788	907
5789	1267
5790	81
5791	1348
5792	1084
5793	1203
5794	6
5795	1695
5796	85
5797	41
5798	1248
5799	1721
5800	47
5801	963
5802	1287
5803	522
5804	1231
5805	668
5806	1850
5807	57
5808	482
5809	927
5810	230
5811	1069
5812	669
5813	627
5814	1407
5815	334
5816	21
5817	231
5818	1222
5819	750
5820	2967
5821	431
5822	131
5823	905
5824	1940
5825	81
5826	1525
5827	903
5828	29
5829	1497
5830	951
5831	3092
5832	1507
5833	269
5834	2941
5835	2453
5836	1906
5837	1083
5838	83
5839	380
5840	29
5841	1461
5842	2882
5843	82
5844	157
5845	96
5846	262
5847	615
5848	3570
5849	923
5850	3
5851	5
5852	964
5853	162
5854	2594
5855	469
5856	100
5857	166
5858	1289
5859	431
5860	95
5861	461
5862	81
5863	3593
5864	610
5865	1513
5866	1921
5867	50
5868	161
5869	122
5870	72
5871	80
5872	973
5873	1306
5874	294
5875	273
5876	1104
5877	349
5878	197
5879	1352
5880	2850
5881	80
5882	293
5883	180
5884	162
5885	1962
5886	199
5887	2836
5888	670
5889	349
5890	1629
5891	903
5892	148
5893	213
5894	1959
5895	1421
5896	2077
5897	921
5898	1343
5899	1266
5900	2155
5901	85
5902	941
5903	899
5904	165
5905	85
5906	19
5907	446
5908	1104
5909	674
5910	2728
5911	1209
5912	2069
5913	107
5914	333
5915	149
5916	2512
5917	469
5918	2116
5919	63
5920	2388
5921	3
5922	847
5923	358
5924	223
5925	263
5926	1942
5927	1178
5928	911
5929	28
5930	978
5931	616
5932	1234
5933	293
5934	314
5935	903
5936	86
5937	3835
5938	1395
5939	81
5940	1231
5941	3140
5942	3283
5943	100
5944	587
5945	621
5946	695
5947	1152
5948	3328
5949	77
5950	146
5951	81
5952	959
5953	392
5954	90
5955	55
5956	941
5957	100
5958	2706
5959	1231
5960	455
5961	2925
5962	3952
5963	670
5964	602
5965	231
5966	1250
5967	50
5968	1084
5969	1848
5970	1955
5971	1906
5972	259
5973	86
5974	746
5975	500
5976	121
5977	670
5978	501
5979	50
5980	72
5981	2503
5982	1513
5983	908
5984	3753
5985	1649
5986	147
5987	3015
5988	149
5989	932
5990	82
5991	2170
5992	1092
5993	956
5994	405
5995	172
5996	369
5997	1185
5998	910
5999	670
6000	1337
6001	262
6002	218
6003	602
6004	2035
6005	31
6006	1545
6007	57
6008	524
6009	2369
6010	984
6011	2956
6012	18
6013	77
6014	959
6015	586
6016	1529
6017	231
6018	249
6019	322
6020	25
6021	1082
6022	193
6023	57
6024	490
6025	1080
6026	971
6027	22
6028	2442
6029	36
6030	41
6031	453
6032	314
6033	500
6034	1222
6035	549
6036	974
6037	475
6038	728
6039	329
6040	106
